svar_taxonID,svar_marker,svar_dietcarb,svar_dietfat,svar_dietprot,svar_ATP
9823,Jan-Apr,10.41969,6.62433,7.334699,16.6282237556424
9823,May-Aug,10.88764,6.423254,6.81955,15.4603469716533
9823,Sep-Dec,10.81744,6.42152,6.911187,15.6680954406802
74940,1994,0.02288364,2.589398,16.77391,38.0275087011728
74940,1995,0.01031454,3.128413,17.81086,40.3783338726757
244447,Spring,0.05613818,1.163305,14.03042,31.8078404095425
244447,Summer,0.04982546,1.434021,14.55122,32.9885201824884
244447,Autumn,0.04999454,1.426769,14.53727,32.9568978500372
244447,Winter,0.04999454,1.426769,14.53727,32.9568978500372
